01001250000000000000000008011100000000033743780515170                         00001
01001250000000000000000008011100000000022787610515170                         00001
01001250000000000000000008011100000000021610010515170                         00001
01001250000000000000000008011100000000012102680515170                         00001
01001250000000000000000008011100000000017459080515170                         00001
01001250000000000000000008011100000000014792620515170                         00001
01001250000000000000000008011100000000013104450515170                         00001
01001250000000000000000008011100000000014528490515170                         00001
01001250000000000000000008011100000000015819810515170                         00001
01001250000000000000000008011100000000012439850515170                         00001
01001250000000000000000008011100000000020562690515170                         00001
01001250000000000000000008011100000000021890940515170                         00001
